 gridtype=lonlat
 xsize=         256
 ysize=          81
 xfirst=   0.00000000    
 xinc=   1.41176474    
 yfirst=  -40.0000000    
 yinc=   1.00000000    
